{
 "cells": [
  {
   "cell_type": "code",
   "execution_count": null,
   "metadata": {},
   "outputs": [],
   "source": [
    "import numpy as np\n",
    "import cv2 as cv\n",
    "\n",
    "CHECKERBOARD_DIM = (7,10)\n",
    "\n",
    "\n",
    "objectp3d = np.zeros((1, CHECKERBOARD_DIM[0]\n",
    "                      * CHECKERBOARD_DIM[1],\n",
    "                      3), np.float32)\n",
    "objectp3d[0, :, :2] = np.mgrid[0:CHECKERBOARD_DIM[0],\n",
    "                               0:CHECKERBOARD_DIM[1]].T.reshape(-1, 2)\n",
    "\n",
    "\n",
    "img1 = cv.imread(\"checker1.jpg\")\n",
    "# I tired using an iphone but due to high res (12MP) it was taking too long\n",
    "# Thus I decided to use my webcam and forced it to a 0.9MP (1280x720) and it speeded up the process   \n",
    "gray1 = cv.cvtColor(img1,cv.COLOR_BGR2GRAY)\n",
    "\n",
    "criteria = (cv.TERM_CRITERIA_EPS + cv.TERM_CRITERIA_MAX_ITER, 30, 0.001)\n",
    "\n",
    "ret, corners = cv.findChessboardCorners(gray1, CHECKERBOARD_DIM, cv.CALIB_CB_ADAPTIVE_THRESH + cv.CALIB_CB_NORMALIZE_IMAGE)\n",
    "if ret == True:\n",
    "    corners2 = cv.cornerSubPix(gray1,corners, (11,11), (-1,-1),criteria)\n",
    "     # Draw and display the corners\n",
    "    cv.drawChessboardCorners(img1, (7,10), corners2, ret)\n",
    "    cv.imshow('img', img1)\n",
    "    cv.waitKey(0)\n",
    "    cv.destroyAllWindows()\n",
    "else:\n",
    "    print(\"Not Found\")\n"
   ]
  },
  {
   "cell_type": "code",
   "execution_count": 35,
   "metadata": {},
   "outputs": [
    {
     "name": "stdout",
     "output_type": "stream",
     "text": [
      " Camera matrix:\n",
      "[[934.6161155    0.         655.8981464 ]\n",
      " [  0.         935.62232668 376.69600261]\n",
      " [  0.           0.           1.        ]]\n",
      "\n",
      " Distortion coefficient:\n",
      "[[ 1.93401506e-02 -1.51969542e-01  2.53863936e-03 -1.39354163e-04\n",
      "   1.02012352e-01]]\n",
      "\n",
      " Rotation Vectors:\n",
      "(array([[-0.00613381],\n",
      "       [ 0.01663303],\n",
      "       [ 1.57744067]]), array([[-0.17384799],\n",
      "       [ 0.02338664],\n",
      "       [ 2.21253925]]), array([[0.02336786],\n",
      "       [0.08027795],\n",
      "       [1.55467779]]), array([[-0.23886301],\n",
      "       [-0.06441354],\n",
      "       [ 1.72067815]]), array([[0.07360575],\n",
      "       [0.21027496],\n",
      "       [1.91619121]]), array([[-0.14606981],\n",
      "       [-0.12831519],\n",
      "       [ 1.95087421]]), array([[-0.6757934 ],\n",
      "       [ 0.02344598],\n",
      "       [ 1.44725516]]), array([[-0.0939128 ],\n",
      "       [ 0.05549646],\n",
      "       [ 1.571369  ]]), array([[ 0.37800552],\n",
      "       [-0.72767828],\n",
      "       [ 1.69774162]]), array([[ 0.54210222],\n",
      "       [-0.57613452],\n",
      "       [ 1.54067865]]), array([[-0.37585646],\n",
      "       [ 0.41271379],\n",
      "       [ 1.55411279]]), array([[ 0.46197638],\n",
      "       [-0.48602813],\n",
      "       [ 1.5612724 ]]), array([[-0.11159638],\n",
      "       [ 0.17999472],\n",
      "       [ 1.9945512 ]]), array([[ 0.00554575],\n",
      "       [-0.08340806],\n",
      "       [ 1.20343764]]), array([[-0.37539084],\n",
      "       [ 0.29794468],\n",
      "       [ 1.54067709]]), array([[0.13379834],\n",
      "       [0.14971439],\n",
      "       [1.20908665]]), array([[-0.21869093],\n",
      "       [ 0.60982927],\n",
      "       [ 1.58395029]]), array([[-0.7382196 ],\n",
      "       [ 0.17613198],\n",
      "       [ 1.47940002]]), array([[-0.0106069 ],\n",
      "       [ 0.15689391],\n",
      "       [ 1.77558002]]), array([[-0.39168094],\n",
      "       [ 0.56643319],\n",
      "       [ 1.36870797]]), array([[-0.23253905],\n",
      "       [ 0.52784738],\n",
      "       [ 1.68213573]]))\n",
      "\n",
      " Rotation Matrix:\n",
      "[[-0.00672869 -0.99995539  0.00662922]\n",
      " [ 0.99987284 -0.00663199  0.01450221]\n",
      " [-0.0144576   0.00672596  0.99987286]]\n",
      "\n",
      " Translation Vectors:\n",
      "(array([[ 3.07043048],\n",
      "       [-2.69934679],\n",
      "       [13.62214917]]), array([[ 4.9045842 ],\n",
      "       [ 0.81998115],\n",
      "       [20.45879287]]), array([[-0.95795624],\n",
      "       [-2.09030641],\n",
      "       [18.67330951]]), array([[-0.86336439],\n",
      "       [-1.54020309],\n",
      "       [20.20873059]]), array([[ 9.9047507 ],\n",
      "       [-1.08699176],\n",
      "       [18.57871042]]), array([[ 2.43976384],\n",
      "       [-1.19235887],\n",
      "       [17.38503056]]), array([[ 0.74381793],\n",
      "       [-2.48664787],\n",
      "       [18.97666303]]), array([[ 3.75090943],\n",
      "       [-6.15473791],\n",
      "       [20.0870725 ]]), array([[ 2.13254086],\n",
      "       [-2.40983058],\n",
      "       [14.24063405]]), array([[ 3.76375166],\n",
      "       [-3.64676852],\n",
      "       [13.85970598]]), array([[ 3.66169389],\n",
      "       [-5.32252641],\n",
      "       [17.94634496]]), array([[ 4.14750553],\n",
      "       [-1.57173388],\n",
      "       [ 9.80573018]]), array([[11.04975437],\n",
      "       [-2.71486251],\n",
      "       [19.44690791]]), array([[-3.79999099],\n",
      "       [-6.47445785],\n",
      "       [20.01401036]]), array([[ 4.51384993],\n",
      "       [-3.33888091],\n",
      "       [13.10689157]]), array([[ 1.38733934],\n",
      "       [-4.47292013],\n",
      "       [15.78980616]]), array([[ 4.4269973 ],\n",
      "       [-3.6335702 ],\n",
      "       [11.94137751]]), array([[ 4.72270572],\n",
      "       [-2.86232077],\n",
      "       [15.00878934]]), array([[ 4.88554649],\n",
      "       [-1.94247243],\n",
      "       [16.62985435]]), array([[ 2.68277021],\n",
      "       [-2.07082532],\n",
      "       [20.07884926]]), array([[ 3.3443372 ],\n",
      "       [-1.89025898],\n",
      "       [19.29388114]]))\n"
     ]
    }
   ],
   "source": [
    "# Import required modules\n",
    "import cv2\n",
    "import numpy as np\n",
    "import os\n",
    "import glob\n",
    "\n",
    "\n",
    "# Define the dimensions of checkerboard\n",
    "CHECKERBOARD = (7, 10)\n",
    "\n",
    "\n",
    "# stop the iteration when specified\n",
    "# accuracy, epsilon, is reached or\n",
    "# specified number of iterations are completed.\n",
    "criteria = (cv2.TERM_CRITERIA_EPS +\n",
    "\t\t\tcv2.TERM_CRITERIA_MAX_ITER, 30, 0.001)\n",
    "\n",
    "\n",
    "# Vector for 3D points\n",
    "threedpoints = []\n",
    "\n",
    "# Vector for 2D points\n",
    "twodpoints = []\n",
    "\n",
    "\n",
    "# 3D points real world coordinates\n",
    "objectp3d = np.zeros((1, CHECKERBOARD[0]\n",
    "\t\t\t\t\t* CHECKERBOARD[1],\n",
    "\t\t\t\t\t3), np.float32)\n",
    "\n",
    "objectp3d[0, :, :2] = np.mgrid[0:CHECKERBOARD[0],\n",
    "\t\t\t\t\t\t\t0:CHECKERBOARD[1]].T.reshape(-1, 2)\n",
    "\n",
    "prev_img_shape = None\n",
    "\n",
    "\n",
    "# Extracting path of individual image stored\n",
    "# in a given directory. Since no path is\n",
    "# specified, it will take current directory\n",
    "# jpg files alone\n",
    "images = glob.glob('*.jpg')\n",
    "\n",
    "for filename in images:\n",
    "\timage = cv2.imread(filename)\n",
    "\tgrayColor = cv2.cvtColor(image, cv2.COLOR_BGR2GRAY)\n",
    "\n",
    "\t# Find the chess board corners\n",
    "\t# If desired number of corners are\n",
    "\t# found in the image then ret = true\n",
    "\tret, corners = cv2.findChessboardCorners(\n",
    "\t\t\t\t\tgrayColor, CHECKERBOARD,\n",
    "\t\t\t\t\tcv2.CALIB_CB_ADAPTIVE_THRESH\n",
    "\t\t\t\t\t+ cv2.CALIB_CB_FAST_CHECK +\n",
    "\t\t\t\t\tcv2.CALIB_CB_NORMALIZE_IMAGE)\n",
    "\n",
    "\t# If desired number of corners can be detected then,\n",
    "\t# refine the pixel coordinates and display\n",
    "\t# them on the images of checker board\n",
    "\tif ret == True:\n",
    "\t\tthreedpoints.append(objectp3d)\n",
    "\n",
    "\t\t# Refining pixel coordinates\n",
    "\t\t# for given 2d points.\n",
    "\t\tcorners2 = cv2.cornerSubPix(\n",
    "\t\t\tgrayColor, corners, (11, 11), (-1, -1), criteria)\n",
    "\n",
    "\t\ttwodpoints.append(corners2)\n",
    "\n",
    "\t\t# Draw and display the corners\n",
    "\t\timage = cv2.drawChessboardCorners(image,\n",
    "\t\t\t\t\t\t\t\t\t\tCHECKERBOARD,\n",
    "\t\t\t\t\t\t\t\t\t\tcorners2, ret)\n",
    "\n",
    "\t#cv2.imshow('img', image)\n",
    "\t#cv2.waitKey(0)\n",
    "\n",
    "#cv2.destroyAllWindows()\n",
    "\n",
    "h, w = image.shape[:2]\n",
    "\n",
    "\n",
    "# Perform camera calibration by\n",
    "# passing the value of above found out 3D points (threedpoints)\n",
    "# and its corresponding pixel coordinates of the\n",
    "# detected corners (twodpoints)\n",
    "ret, matrix, distortion, r_vecs, t_vecs = cv2.calibrateCamera(\n",
    "\tthreedpoints, twodpoints, grayColor.shape[::-1], None, None)\n",
    "\n",
    "\n",
    "# Displaying required output\n",
    "print(\" Camera matrix:\")\n",
    "print(matrix)\n",
    "\n",
    "print(\"\\n Distortion coefficient:\")\n",
    "print(distortion)\n",
    "\n",
    "print(\"\\n Rotation Vectors:\")\n",
    "print(r_vecs)\n",
    "\n",
    "#r_mat = cv.Rodrigues(r_vecs[:])\n",
    "r_mat = []\n",
    "\n",
    "for i in range(len(r_vecs)):\n",
    "    r_mat_1 = np.zeros((3,3))\n",
    "    cv2.Rodrigues(r_vecs[i],r_mat_1)\n",
    "    r_mat.append(r_mat_1)\n",
    "\n",
    "print(\"\\n Rotation Matrix:\")\n",
    "print(r_mat[0])\n",
    "\n",
    "print(\"\\n Translation Vectors:\")\n",
    "print(t_vecs)\n"
   ]
  },
  {
   "cell_type": "code",
   "execution_count": 43,
   "metadata": {},
   "outputs": [
    {
     "name": "stdout",
     "output_type": "stream",
     "text": [
      " Camera matrix:\n",
      "[[936.03169921   0.         651.66737484]\n",
      " [  0.         936.65257154 375.67629189]\n",
      " [  0.           0.           1.        ]]\n",
      "\n",
      "Extrensic Matrix for Image 1 :-\n",
      "\n",
      " Rotation Matrix:\n",
      "[array([[-0.0071371 , -0.99989578,  0.01254932],\n",
      "       [ 0.9999077 , -0.00699097,  0.01165002],\n",
      "       [-0.01156107,  0.01263131,  0.99985339]])]\n",
      "\n",
      " Translation Vectors:\n",
      "[[ 3.13348858]\n",
      " [-2.68607223]\n",
      " [13.58661587]]\n",
      "\n",
      "Extrensic Matrix for Image 2 :-\n",
      "\n",
      " Rotation Matrix:\n",
      "[array([[-0.0071371 , -0.99989578,  0.01254932],\n",
      "       [ 0.9999077 , -0.00699097,  0.01165002],\n",
      "       [-0.01156107,  0.01263131,  0.99985339]]), array([[-0.59448786, -0.79585015, -0.11492046],\n",
      "       [ 0.79306808, -0.60390691,  0.0796208 ],\n",
      "       [-0.13276749, -0.04380614,  0.99017868]])]\n",
      "\n",
      " Translation Vectors:\n",
      "[[ 4.99690892]\n",
      " [ 0.83974576]\n",
      " [20.45122829]]\n",
      "\n",
      "Extrensic Matrix for Image 3 :-\n",
      "\n",
      " Rotation Matrix:\n",
      "[array([[-0.0071371 , -0.99989578,  0.01254932],\n",
      "       [ 0.9999077 , -0.00699097,  0.01165002],\n",
      "       [-0.01156107,  0.01263131,  0.99985339]]), array([[-0.59448786, -0.79585015, -0.11492046],\n",
      "       [ 0.79306808, -0.60390691,  0.0796208 ],\n",
      "       [-0.13276749, -0.04380614,  0.99017868]]), array([[ 0.01368496, -0.9974632 ,  0.06985623],\n",
      "       [ 0.99931523,  0.01604536,  0.03334083],\n",
      "       [-0.03437711,  0.06935213,  0.99699975]])]\n",
      "\n",
      " Translation Vectors:\n",
      "[[-0.87101588]\n",
      " [-2.06948838]\n",
      " [18.67472675]]\n",
      "\n",
      "Extrensic Matrix for Image 4 :-\n",
      "\n",
      " Rotation Matrix:\n",
      "[array([[-0.0071371 , -0.99989578,  0.01254932],\n",
      "       [ 0.9999077 , -0.00699097,  0.01165002],\n",
      "       [-0.01156107,  0.01263131,  0.99985339]]), array([[-0.59448786, -0.79585015, -0.11492046],\n",
      "       [ 0.79306808, -0.60390691,  0.0796208 ],\n",
      "       [-0.13276749, -0.04380614,  0.99017868]]), array([[ 0.01368496, -0.9974632 ,  0.06985623],\n",
      "       [ 0.99931523,  0.01604536,  0.03334083],\n",
      "       [-0.03437711,  0.06935213,  0.99699975]]), array([[-0.14423402, -0.9687571 , -0.20175785],\n",
      "       [ 0.98162487, -0.16581673,  0.09443214],\n",
      "       [-0.12493664, -0.18443019,  0.97487247]])]\n",
      "\n",
      " Translation Vectors:\n",
      "[[-0.78982219]\n",
      " [-1.51713382]\n",
      " [20.29004103]]\n",
      "\n",
      "Extrensic Matrix for Image 5 :-\n",
      "\n",
      " Rotation Matrix:\n",
      "[array([[-0.0071371 , -0.99989578,  0.01254932],\n",
      "       [ 0.9999077 , -0.00699097,  0.01165002],\n",
      "       [-0.01156107,  0.01263131,  0.99985339]]), array([[-0.59448786, -0.79585015, -0.11492046],\n",
      "       [ 0.79306808, -0.60390691,  0.0796208 ],\n",
      "       [-0.13276749, -0.04380614,  0.99017868]]), array([[ 0.01368496, -0.9974632 ,  0.06985623],\n",
      "       [ 0.99931523,  0.01604536,  0.03334083],\n",
      "       [-0.03437711,  0.06935213,  0.99699975]]), array([[-0.14423402, -0.9687571 , -0.20175785],\n",
      "       [ 0.98162487, -0.16581673,  0.09443214],\n",
      "       [-0.12493664, -0.18443019,  0.97487247]]), array([[-0.34873149, -0.92261767,  0.16481197],\n",
      "       [ 0.93600432, -0.33388715,  0.11142391],\n",
      "       [-0.04777307,  0.19312175,  0.98001108]])]\n",
      "\n",
      " Translation Vectors:\n",
      "[[ 9.97971711]\n",
      " [-1.07324941]\n",
      " [18.47223364]]\n",
      "\n",
      "Extrensic Matrix for Image 6 :-\n",
      "\n",
      " Rotation Matrix:\n",
      "[array([[-0.0071371 , -0.99989578,  0.01254932],\n",
      "       [ 0.9999077 , -0.00699097,  0.01165002],\n",
      "       [-0.01156107,  0.01263131,  0.99985339]]), array([[-0.59448786, -0.79585015, -0.11492046],\n",
      "       [ 0.79306808, -0.60390691,  0.0796208 ],\n",
      "       [-0.13276749, -0.04380614,  0.99017868]]), array([[ 0.01368496, -0.9974632 ,  0.06985623],\n",
      "       [ 0.99931523,  0.01604536,  0.03334083],\n",
      "       [-0.03437711,  0.06935213,  0.99699975]]), array([[-0.14423402, -0.9687571 , -0.20175785],\n",
      "       [ 0.98162487, -0.16581673,  0.09443214],\n",
      "       [-0.12493664, -0.18443019,  0.97487247]]), array([[-0.34873149, -0.92261767,  0.16481197],\n",
      "       [ 0.93600432, -0.33388715,  0.11142391],\n",
      "       [-0.04777307,  0.19312175,  0.98001108]]), array([[-0.37435558, -0.91415028, -0.15552222],\n",
      "       [ 0.92669601, -0.37479638, -0.02760763],\n",
      "       [-0.03305164, -0.15445689,  0.98744653]])]\n",
      "\n",
      " Translation Vectors:\n",
      "[[ 2.52254829]\n",
      " [-1.17378617]\n",
      " [17.35487873]]\n",
      "\n",
      "Extrensic Matrix for Image 7 :-\n",
      "\n",
      " Rotation Matrix:\n",
      "[array([[-0.0071371 , -0.99989578,  0.01254932],\n",
      "       [ 0.9999077 , -0.00699097,  0.01165002],\n",
      "       [-0.01156107,  0.01263131,  0.99985339]]), array([[-0.59448786, -0.79585015, -0.11492046],\n",
      "       [ 0.79306808, -0.60390691,  0.0796208 ],\n",
      "       [-0.13276749, -0.04380614,  0.99017868]]), array([[ 0.01368496, -0.9974632 ,  0.06985623],\n",
      "       [ 0.99931523,  0.01604536,  0.03334083],\n",
      "       [-0.03437711,  0.06935213,  0.99699975]]), array([[-0.14423402, -0.9687571 , -0.20175785],\n",
      "       [ 0.98162487, -0.16581673,  0.09443214],\n",
      "       [-0.12493664, -0.18443019,  0.97487247]]), array([[-0.34873149, -0.92261767,  0.16481197],\n",
      "       [ 0.93600432, -0.33388715,  0.11142391],\n",
      "       [-0.04777307,  0.19312175,  0.98001108]]), array([[-0.37435558, -0.91415028, -0.15552222],\n",
      "       [ 0.92669601, -0.37479638, -0.02760763],\n",
      "       [-0.03305164, -0.15445689,  0.98744653]]), array([[ 0.15553369, -0.91313707, -0.37681555],\n",
      "       [ 0.89918236, -0.02706694,  0.43673616],\n",
      "       [-0.40899922, -0.40675308,  0.81686692]])]\n",
      "\n",
      " Translation Vectors:\n",
      "[[ 0.82734282]\n",
      " [-2.46760538]\n",
      " [18.97488973]]\n",
      "\n",
      "Extrensic Matrix for Image 8 :-\n",
      "\n",
      " Rotation Matrix:\n",
      "[array([[-0.0071371 , -0.99989578,  0.01254932],\n",
      "       [ 0.9999077 , -0.00699097,  0.01165002],\n",
      "       [-0.01156107,  0.01263131,  0.99985339]]), array([[-0.59448786, -0.79585015, -0.11492046],\n",
      "       [ 0.79306808, -0.60390691,  0.0796208 ],\n",
      "       [-0.13276749, -0.04380614,  0.99017868]]), array([[ 0.01368496, -0.9974632 ,  0.06985623],\n",
      "       [ 0.99931523,  0.01604536,  0.03334083],\n",
      "       [-0.03437711,  0.06935213,  0.99699975]]), array([[-0.14423402, -0.9687571 , -0.20175785],\n",
      "       [ 0.98162487, -0.16581673,  0.09443214],\n",
      "       [-0.12493664, -0.18443019,  0.97487247]]), array([[-0.34873149, -0.92261767,  0.16481197],\n",
      "       [ 0.93600432, -0.33388715,  0.11142391],\n",
      "       [-0.04777307,  0.19312175,  0.98001108]]), array([[-0.37435558, -0.91415028, -0.15552222],\n",
      "       [ 0.92669601, -0.37479638, -0.02760763],\n",
      "       [-0.03305164, -0.15445689,  0.98744653]]), array([[ 0.15553369, -0.91313707, -0.37681555],\n",
      "       [ 0.89918236, -0.02706694,  0.43673616],\n",
      "       [-0.40899922, -0.40675308,  0.81686692]]), array([[-0.00205452, -0.99983883, -0.01783519],\n",
      "       [ 0.99606447, -0.00362645,  0.08855745],\n",
      "       [-0.08860786, -0.01758306,  0.99591138]])]\n",
      "\n",
      " Translation Vectors:\n",
      "[[ 3.84492383]\n",
      " [-6.1347667 ]\n",
      " [20.02970092]]\n",
      "\n",
      "Extrensic Matrix for Image 9 :-\n",
      "\n",
      " Rotation Matrix:\n",
      "[array([[-0.0071371 , -0.99989578,  0.01254932],\n",
      "       [ 0.9999077 , -0.00699097,  0.01165002],\n",
      "       [-0.01156107,  0.01263131,  0.99985339]]), array([[-0.59448786, -0.79585015, -0.11492046],\n",
      "       [ 0.79306808, -0.60390691,  0.0796208 ],\n",
      "       [-0.13276749, -0.04380614,  0.99017868]]), array([[ 0.01368496, -0.9974632 ,  0.06985623],\n",
      "       [ 0.99931523,  0.01604536,  0.03334083],\n",
      "       [-0.03437711,  0.06935213,  0.99699975]]), array([[-0.14423402, -0.9687571 , -0.20175785],\n",
      "       [ 0.98162487, -0.16581673,  0.09443214],\n",
      "       [-0.12493664, -0.18443019,  0.97487247]]), array([[-0.34873149, -0.92261767,  0.16481197],\n",
      "       [ 0.93600432, -0.33388715,  0.11142391],\n",
      "       [-0.04777307,  0.19312175,  0.98001108]]), array([[-0.37435558, -0.91415028, -0.15552222],\n",
      "       [ 0.92669601, -0.37479638, -0.02760763],\n",
      "       [-0.03305164, -0.15445689,  0.98744653]]), array([[ 0.15553369, -0.91313707, -0.37681555],\n",
      "       [ 0.89918236, -0.02706694,  0.43673616],\n",
      "       [-0.40899922, -0.40675308,  0.81686692]]), array([[-0.00205452, -0.99983883, -0.01783519],\n",
      "       [ 0.99606447, -0.00362645,  0.08855745],\n",
      "       [-0.08860786, -0.01758306,  0.99591138]]), array([[-0.25377414, -0.95893034, -0.12669372],\n",
      "       [ 0.75464635, -0.11435046, -0.64609044],\n",
      "       [ 0.60506823, -0.25957   ,  0.75267247]])]\n",
      "\n",
      " Translation Vectors:\n",
      "[[ 2.19580628]\n",
      " [-2.39353313]\n",
      " [14.2261291 ]]\n",
      "\n",
      "Extrensic Matrix for Image 10 :-\n",
      "\n",
      " Rotation Matrix:\n",
      "[array([[-0.0071371 , -0.99989578,  0.01254932],\n",
      "       [ 0.9999077 , -0.00699097,  0.01165002],\n",
      "       [-0.01156107,  0.01263131,  0.99985339]]), array([[-0.59448786, -0.79585015, -0.11492046],\n",
      "       [ 0.79306808, -0.60390691,  0.0796208 ],\n",
      "       [-0.13276749, -0.04380614,  0.99017868]]), array([[ 0.01368496, -0.9974632 ,  0.06985623],\n",
      "       [ 0.99931523,  0.01604536,  0.03334083],\n",
      "       [-0.03437711,  0.06935213,  0.99699975]]), array([[-0.14423402, -0.9687571 , -0.20175785],\n",
      "       [ 0.98162487, -0.16581673,  0.09443214],\n",
      "       [-0.12493664, -0.18443019,  0.97487247]]), array([[-0.34873149, -0.92261767,  0.16481197],\n",
      "       [ 0.93600432, -0.33388715,  0.11142391],\n",
      "       [-0.04777307,  0.19312175,  0.98001108]]), array([[-0.37435558, -0.91415028, -0.15552222],\n",
      "       [ 0.92669601, -0.37479638, -0.02760763],\n",
      "       [-0.03305164, -0.15445689,  0.98744653]]), array([[ 0.15553369, -0.91313707, -0.37681555],\n",
      "       [ 0.89918236, -0.02706694,  0.43673616],\n",
      "       [-0.40899922, -0.40675308,  0.81686692]]), array([[-0.00205452, -0.99983883, -0.01783519],\n",
      "       [ 0.99606447, -0.00362645,  0.08855745],\n",
      "       [-0.08860786, -0.01758306,  0.99591138]]), array([[-0.25377414, -0.95893034, -0.12669372],\n",
      "       [ 0.75464635, -0.11435046, -0.64609044],\n",
      "       [ 0.60506823, -0.25957   ,  0.75267247]]), array([[-4.39814839e-02, -9.99032086e-01, -7.21359370e-04],\n",
      "       [ 7.55950174e-01, -3.28079362e-02, -6.53806527e-01],\n",
      "       [ 6.53150032e-01, -2.93006930e-02,  7.56661420e-01]])]\n",
      "\n",
      " Translation Vectors:\n",
      "[[ 3.82554647]\n",
      " [-3.62510904]\n",
      " [13.83875547]]\n",
      "\n",
      "Extrensic Matrix for Image 11 :-\n",
      "\n",
      " Rotation Matrix:\n",
      "[array([[-0.0071371 , -0.99989578,  0.01254932],\n",
      "       [ 0.9999077 , -0.00699097,  0.01165002],\n",
      "       [-0.01156107,  0.01263131,  0.99985339]]), array([[-0.59448786, -0.79585015, -0.11492046],\n",
      "       [ 0.79306808, -0.60390691,  0.0796208 ],\n",
      "       [-0.13276749, -0.04380614,  0.99017868]]), array([[ 0.01368496, -0.9974632 ,  0.06985623],\n",
      "       [ 0.99931523,  0.01604536,  0.03334083],\n",
      "       [-0.03437711,  0.06935213,  0.99699975]]), array([[-0.14423402, -0.9687571 , -0.20175785],\n",
      "       [ 0.98162487, -0.16581673,  0.09443214],\n",
      "       [-0.12493664, -0.18443019,  0.97487247]]), array([[-0.34873149, -0.92261767,  0.16481197],\n",
      "       [ 0.93600432, -0.33388715,  0.11142391],\n",
      "       [-0.04777307,  0.19312175,  0.98001108]]), array([[-0.37435558, -0.91415028, -0.15552222],\n",
      "       [ 0.92669601, -0.37479638, -0.02760763],\n",
      "       [-0.03305164, -0.15445689,  0.98744653]]), array([[ 0.15553369, -0.91313707, -0.37681555],\n",
      "       [ 0.89918236, -0.02706694,  0.43673616],\n",
      "       [-0.40899922, -0.40675308,  0.81686692]]), array([[-0.00205452, -0.99983883, -0.01783519],\n",
      "       [ 0.99606447, -0.00362645,  0.08855745],\n",
      "       [-0.08860786, -0.01758306,  0.99591138]]), array([[-0.25377414, -0.95893034, -0.12669372],\n",
      "       [ 0.75464635, -0.11435046, -0.64609044],\n",
      "       [ 0.60506823, -0.25957   ,  0.75267247]]), array([[-4.39814839e-02, -9.99032086e-01, -7.21359370e-04],\n",
      "       [ 7.55950174e-01, -3.28079362e-02, -6.53806527e-01],\n",
      "       [ 6.53150032e-01, -2.93006930e-02,  7.56661420e-01]]), array([[-0.02800332, -0.99931081,  0.02436618],\n",
      "       [ 0.87632684, -0.01281545,  0.4815465 ],\n",
      "       [-0.48090236,  0.03483764,  0.87608177]])]\n",
      "\n",
      " Translation Vectors:\n",
      "[[ 3.74803365]\n",
      " [-5.30645518]\n",
      " [17.90691605]]\n",
      "\n",
      "Extrensic Matrix for Image 12 :-\n",
      "\n",
      " Rotation Matrix:\n",
      "[array([[-0.0071371 , -0.99989578,  0.01254932],\n",
      "       [ 0.9999077 , -0.00699097,  0.01165002],\n",
      "       [-0.01156107,  0.01263131,  0.99985339]]), array([[-0.59448786, -0.79585015, -0.11492046],\n",
      "       [ 0.79306808, -0.60390691,  0.0796208 ],\n",
      "       [-0.13276749, -0.04380614,  0.99017868]]), array([[ 0.01368496, -0.9974632 ,  0.06985623],\n",
      "       [ 0.99931523,  0.01604536,  0.03334083],\n",
      "       [-0.03437711,  0.06935213,  0.99699975]]), array([[-0.14423402, -0.9687571 , -0.20175785],\n",
      "       [ 0.98162487, -0.16581673,  0.09443214],\n",
      "       [-0.12493664, -0.18443019,  0.97487247]]), array([[-0.34873149, -0.92261767,  0.16481197],\n",
      "       [ 0.93600432, -0.33388715,  0.11142391],\n",
      "       [-0.04777307,  0.19312175,  0.98001108]]), array([[-0.37435558, -0.91415028, -0.15552222],\n",
      "       [ 0.92669601, -0.37479638, -0.02760763],\n",
      "       [-0.03305164, -0.15445689,  0.98744653]]), array([[ 0.15553369, -0.91313707, -0.37681555],\n",
      "       [ 0.89918236, -0.02706694,  0.43673616],\n",
      "       [-0.40899922, -0.40675308,  0.81686692]]), array([[-0.00205452, -0.99983883, -0.01783519],\n",
      "       [ 0.99606447, -0.00362645,  0.08855745],\n",
      "       [-0.08860786, -0.01758306,  0.99591138]]), array([[-0.25377414, -0.95893034, -0.12669372],\n",
      "       [ 0.75464635, -0.11435046, -0.64609044],\n",
      "       [ 0.60506823, -0.25957   ,  0.75267247]]), array([[-4.39814839e-02, -9.99032086e-01, -7.21359370e-04],\n",
      "       [ 7.55950174e-01, -3.28079362e-02, -6.53806527e-01],\n",
      "       [ 6.53150032e-01, -2.93006930e-02,  7.56661420e-01]]), array([[-0.02800332, -0.99931081,  0.02436618],\n",
      "       [ 0.87632684, -0.01281545,  0.4815465 ],\n",
      "       [-0.48090236,  0.03483764,  0.87608177]]), array([[-0.04163221, -0.99912924,  0.00274174],\n",
      "       [ 0.82405905, -0.03588873, -0.56536597],\n",
      "       [ 0.56497207, -0.02127808,  0.82483562]])]\n",
      "\n",
      " Translation Vectors:\n",
      "[[ 4.18698989]\n",
      " [-1.56585936]\n",
      " [ 9.78477482]]\n",
      "\n",
      "Extrensic Matrix for Image 13 :-\n",
      "\n",
      " Rotation Matrix:\n",
      "[array([[-0.0071371 , -0.99989578,  0.01254932],\n",
      "       [ 0.9999077 , -0.00699097,  0.01165002],\n",
      "       [-0.01156107,  0.01263131,  0.99985339]]), array([[-0.59448786, -0.79585015, -0.11492046],\n",
      "       [ 0.79306808, -0.60390691,  0.0796208 ],\n",
      "       [-0.13276749, -0.04380614,  0.99017868]]), array([[ 0.01368496, -0.9974632 ,  0.06985623],\n",
      "       [ 0.99931523,  0.01604536,  0.03334083],\n",
      "       [-0.03437711,  0.06935213,  0.99699975]]), array([[-0.14423402, -0.9687571 , -0.20175785],\n",
      "       [ 0.98162487, -0.16581673,  0.09443214],\n",
      "       [-0.12493664, -0.18443019,  0.97487247]]), array([[-0.34873149, -0.92261767,  0.16481197],\n",
      "       [ 0.93600432, -0.33388715,  0.11142391],\n",
      "       [-0.04777307,  0.19312175,  0.98001108]]), array([[-0.37435558, -0.91415028, -0.15552222],\n",
      "       [ 0.92669601, -0.37479638, -0.02760763],\n",
      "       [-0.03305164, -0.15445689,  0.98744653]]), array([[ 0.15553369, -0.91313707, -0.37681555],\n",
      "       [ 0.89918236, -0.02706694,  0.43673616],\n",
      "       [-0.40899922, -0.40675308,  0.81686692]]), array([[-0.00205452, -0.99983883, -0.01783519],\n",
      "       [ 0.99606447, -0.00362645,  0.08855745],\n",
      "       [-0.08860786, -0.01758306,  0.99591138]]), array([[-0.25377414, -0.95893034, -0.12669372],\n",
      "       [ 0.75464635, -0.11435046, -0.64609044],\n",
      "       [ 0.60506823, -0.25957   ,  0.75267247]]), array([[-4.39814839e-02, -9.99032086e-01, -7.21359370e-04],\n",
      "       [ 7.55950174e-01, -3.28079362e-02, -6.53806527e-01],\n",
      "       [ 6.53150032e-01, -2.93006930e-02,  7.56661420e-01]]), array([[-0.02800332, -0.99931081,  0.02436618],\n",
      "       [ 0.87632684, -0.01281545,  0.4815465 ],\n",
      "       [-0.48090236,  0.03483764,  0.87608177]]), array([[-0.04163221, -0.99912924,  0.00274174],\n",
      "       [ 0.82405905, -0.03588873, -0.56536597],\n",
      "       [ 0.56497207, -0.02127808,  0.82483562]]), array([[-0.41842886, -0.90812137,  0.01525979],\n",
      "       [ 0.8954397 , -0.40965731,  0.17426597],\n",
      "       [-0.15200336,  0.08658213,  0.98458037]])]\n",
      "\n",
      " Translation Vectors:\n",
      "[[11.13778442]\n",
      " [-2.70109355]\n",
      " [19.31836986]]\n",
      "\n",
      "Extrensic Matrix for Image 14 :-\n",
      "\n",
      " Rotation Matrix:\n",
      "[array([[-0.0071371 , -0.99989578,  0.01254932],\n",
      "       [ 0.9999077 , -0.00699097,  0.01165002],\n",
      "       [-0.01156107,  0.01263131,  0.99985339]]), array([[-0.59448786, -0.79585015, -0.11492046],\n",
      "       [ 0.79306808, -0.60390691,  0.0796208 ],\n",
      "       [-0.13276749, -0.04380614,  0.99017868]]), array([[ 0.01368496, -0.9974632 ,  0.06985623],\n",
      "       [ 0.99931523,  0.01604536,  0.03334083],\n",
      "       [-0.03437711,  0.06935213,  0.99699975]]), array([[-0.14423402, -0.9687571 , -0.20175785],\n",
      "       [ 0.98162487, -0.16581673,  0.09443214],\n",
      "       [-0.12493664, -0.18443019,  0.97487247]]), array([[-0.34873149, -0.92261767,  0.16481197],\n",
      "       [ 0.93600432, -0.33388715,  0.11142391],\n",
      "       [-0.04777307,  0.19312175,  0.98001108]]), array([[-0.37435558, -0.91415028, -0.15552222],\n",
      "       [ 0.92669601, -0.37479638, -0.02760763],\n",
      "       [-0.03305164, -0.15445689,  0.98744653]]), array([[ 0.15553369, -0.91313707, -0.37681555],\n",
      "       [ 0.89918236, -0.02706694,  0.43673616],\n",
      "       [-0.40899922, -0.40675308,  0.81686692]]), array([[-0.00205452, -0.99983883, -0.01783519],\n",
      "       [ 0.99606447, -0.00362645,  0.08855745],\n",
      "       [-0.08860786, -0.01758306,  0.99591138]]), array([[-0.25377414, -0.95893034, -0.12669372],\n",
      "       [ 0.75464635, -0.11435046, -0.64609044],\n",
      "       [ 0.60506823, -0.25957   ,  0.75267247]]), array([[-4.39814839e-02, -9.99032086e-01, -7.21359370e-04],\n",
      "       [ 7.55950174e-01, -3.28079362e-02, -6.53806527e-01],\n",
      "       [ 6.53150032e-01, -2.93006930e-02,  7.56661420e-01]]), array([[-0.02800332, -0.99931081,  0.02436618],\n",
      "       [ 0.87632684, -0.01281545,  0.4815465 ],\n",
      "       [-0.48090236,  0.03483764,  0.87608177]]), array([[-0.04163221, -0.99912924,  0.00274174],\n",
      "       [ 0.82405905, -0.03588873, -0.56536597],\n",
      "       [ 0.56497207, -0.02127808,  0.82483562]]), array([[-0.41842886, -0.90812137,  0.01525979],\n",
      "       [ 0.8954397 , -0.40965731,  0.17426597],\n",
      "       [-0.15200336,  0.08658213,  0.98458037]]), array([[ 0.35532468, -0.9331561 , -0.05444329],\n",
      "       [ 0.93230868,  0.35799841, -0.05135828],\n",
      "       [ 0.0674159 , -0.03250908,  0.99719519]])]\n",
      "\n",
      " Translation Vectors:\n",
      "[[-3.69877289]\n",
      " [-6.45343691]\n",
      " [19.99737817]]\n",
      "\n",
      "Extrensic Matrix for Image 15 :-\n",
      "\n",
      " Rotation Matrix:\n",
      "[array([[-0.0071371 , -0.99989578,  0.01254932],\n",
      "       [ 0.9999077 , -0.00699097,  0.01165002],\n",
      "       [-0.01156107,  0.01263131,  0.99985339]]), array([[-0.59448786, -0.79585015, -0.11492046],\n",
      "       [ 0.79306808, -0.60390691,  0.0796208 ],\n",
      "       [-0.13276749, -0.04380614,  0.99017868]]), array([[ 0.01368496, -0.9974632 ,  0.06985623],\n",
      "       [ 0.99931523,  0.01604536,  0.03334083],\n",
      "       [-0.03437711,  0.06935213,  0.99699975]]), array([[-0.14423402, -0.9687571 , -0.20175785],\n",
      "       [ 0.98162487, -0.16581673,  0.09443214],\n",
      "       [-0.12493664, -0.18443019,  0.97487247]]), array([[-0.34873149, -0.92261767,  0.16481197],\n",
      "       [ 0.93600432, -0.33388715,  0.11142391],\n",
      "       [-0.04777307,  0.19312175,  0.98001108]]), array([[-0.37435558, -0.91415028, -0.15552222],\n",
      "       [ 0.92669601, -0.37479638, -0.02760763],\n",
      "       [-0.03305164, -0.15445689,  0.98744653]]), array([[ 0.15553369, -0.91313707, -0.37681555],\n",
      "       [ 0.89918236, -0.02706694,  0.43673616],\n",
      "       [-0.40899922, -0.40675308,  0.81686692]]), array([[-0.00205452, -0.99983883, -0.01783519],\n",
      "       [ 0.99606447, -0.00362645,  0.08855745],\n",
      "       [-0.08860786, -0.01758306,  0.99591138]]), array([[-0.25377414, -0.95893034, -0.12669372],\n",
      "       [ 0.75464635, -0.11435046, -0.64609044],\n",
      "       [ 0.60506823, -0.25957   ,  0.75267247]]), array([[-4.39814839e-02, -9.99032086e-01, -7.21359370e-04],\n",
      "       [ 7.55950174e-01, -3.28079362e-02, -6.53806527e-01],\n",
      "       [ 6.53150032e-01, -2.93006930e-02,  7.56661420e-01]]), array([[-0.02800332, -0.99931081,  0.02436618],\n",
      "       [ 0.87632684, -0.01281545,  0.4815465 ],\n",
      "       [-0.48090236,  0.03483764,  0.87608177]]), array([[-0.04163221, -0.99912924,  0.00274174],\n",
      "       [ 0.82405905, -0.03588873, -0.56536597],\n",
      "       [ 0.56497207, -0.02127808,  0.82483562]]), array([[-0.41842886, -0.90812137,  0.01525979],\n",
      "       [ 0.8954397 , -0.40965731,  0.17426597],\n",
      "       [-0.15200336,  0.08658213,  0.98458037]]), array([[ 0.35532468, -0.9331561 , -0.05444329],\n",
      "       [ 0.93230868,  0.35799841, -0.05135828],\n",
      "       [ 0.0674159 , -0.03250908,  0.99719519]]), array([[ 0.01146391, -0.99904457, -0.04217255],\n",
      "       [ 0.90933011, -0.00712672,  0.41601438],\n",
      "       [-0.41591746, -0.04311792,  0.90837961]])]\n",
      "\n",
      " Translation Vectors:\n",
      "[[ 4.57619283]\n",
      " [-3.32830573]\n",
      " [13.07479993]]\n",
      "\n",
      "Extrensic Matrix for Image 16 :-\n",
      "\n",
      " Rotation Matrix:\n",
      "[array([[-0.0071371 , -0.99989578,  0.01254932],\n",
      "       [ 0.9999077 , -0.00699097,  0.01165002],\n",
      "       [-0.01156107,  0.01263131,  0.99985339]]), array([[-0.59448786, -0.79585015, -0.11492046],\n",
      "       [ 0.79306808, -0.60390691,  0.0796208 ],\n",
      "       [-0.13276749, -0.04380614,  0.99017868]]), array([[ 0.01368496, -0.9974632 ,  0.06985623],\n",
      "       [ 0.99931523,  0.01604536,  0.03334083],\n",
      "       [-0.03437711,  0.06935213,  0.99699975]]), array([[-0.14423402, -0.9687571 , -0.20175785],\n",
      "       [ 0.98162487, -0.16581673,  0.09443214],\n",
      "       [-0.12493664, -0.18443019,  0.97487247]]), array([[-0.34873149, -0.92261767,  0.16481197],\n",
      "       [ 0.93600432, -0.33388715,  0.11142391],\n",
      "       [-0.04777307,  0.19312175,  0.98001108]]), array([[-0.37435558, -0.91415028, -0.15552222],\n",
      "       [ 0.92669601, -0.37479638, -0.02760763],\n",
      "       [-0.03305164, -0.15445689,  0.98744653]]), array([[ 0.15553369, -0.91313707, -0.37681555],\n",
      "       [ 0.89918236, -0.02706694,  0.43673616],\n",
      "       [-0.40899922, -0.40675308,  0.81686692]]), array([[-0.00205452, -0.99983883, -0.01783519],\n",
      "       [ 0.99606447, -0.00362645,  0.08855745],\n",
      "       [-0.08860786, -0.01758306,  0.99591138]]), array([[-0.25377414, -0.95893034, -0.12669372],\n",
      "       [ 0.75464635, -0.11435046, -0.64609044],\n",
      "       [ 0.60506823, -0.25957   ,  0.75267247]]), array([[-4.39814839e-02, -9.99032086e-01, -7.21359370e-04],\n",
      "       [ 7.55950174e-01, -3.28079362e-02, -6.53806527e-01],\n",
      "       [ 6.53150032e-01, -2.93006930e-02,  7.56661420e-01]]), array([[-0.02800332, -0.99931081,  0.02436618],\n",
      "       [ 0.87632684, -0.01281545,  0.4815465 ],\n",
      "       [-0.48090236,  0.03483764,  0.87608177]]), array([[-0.04163221, -0.99912924,  0.00274174],\n",
      "       [ 0.82405905, -0.03588873, -0.56536597],\n",
      "       [ 0.56497207, -0.02127808,  0.82483562]]), array([[-0.41842886, -0.90812137,  0.01525979],\n",
      "       [ 0.8954397 , -0.40965731,  0.17426597],\n",
      "       [-0.15200336,  0.08658213,  0.98458037]]), array([[ 0.35532468, -0.9331561 , -0.05444329],\n",
      "       [ 0.93230868,  0.35799841, -0.05135828],\n",
      "       [ 0.0674159 , -0.03250908,  0.99719519]]), array([[ 0.01146391, -0.99904457, -0.04217255],\n",
      "       [ 0.90933011, -0.00712672,  0.41601438],\n",
      "       [-0.41591746, -0.04311792,  0.90837961]]), array([[ 0.34571862, -0.91928537,  0.18813037],\n",
      "       [ 0.93734614,  0.34755786, -0.02420216],\n",
      "       [-0.0431375 ,  0.18471041,  0.98184582]])]\n",
      "\n",
      " Translation Vectors:\n",
      "[[ 1.46222327]\n",
      " [-4.45889023]\n",
      " [15.78749093]]\n",
      "\n",
      "Extrensic Matrix for Image 17 :-\n",
      "\n",
      " Rotation Matrix:\n",
      "[array([[-0.0071371 , -0.99989578,  0.01254932],\n",
      "       [ 0.9999077 , -0.00699097,  0.01165002],\n",
      "       [-0.01156107,  0.01263131,  0.99985339]]), array([[-0.59448786, -0.79585015, -0.11492046],\n",
      "       [ 0.79306808, -0.60390691,  0.0796208 ],\n",
      "       [-0.13276749, -0.04380614,  0.99017868]]), array([[ 0.01368496, -0.9974632 ,  0.06985623],\n",
      "       [ 0.99931523,  0.01604536,  0.03334083],\n",
      "       [-0.03437711,  0.06935213,  0.99699975]]), array([[-0.14423402, -0.9687571 , -0.20175785],\n",
      "       [ 0.98162487, -0.16581673,  0.09443214],\n",
      "       [-0.12493664, -0.18443019,  0.97487247]]), array([[-0.34873149, -0.92261767,  0.16481197],\n",
      "       [ 0.93600432, -0.33388715,  0.11142391],\n",
      "       [-0.04777307,  0.19312175,  0.98001108]]), array([[-0.37435558, -0.91415028, -0.15552222],\n",
      "       [ 0.92669601, -0.37479638, -0.02760763],\n",
      "       [-0.03305164, -0.15445689,  0.98744653]]), array([[ 0.15553369, -0.91313707, -0.37681555],\n",
      "       [ 0.89918236, -0.02706694,  0.43673616],\n",
      "       [-0.40899922, -0.40675308,  0.81686692]]), array([[-0.00205452, -0.99983883, -0.01783519],\n",
      "       [ 0.99606447, -0.00362645,  0.08855745],\n",
      "       [-0.08860786, -0.01758306,  0.99591138]]), array([[-0.25377414, -0.95893034, -0.12669372],\n",
      "       [ 0.75464635, -0.11435046, -0.64609044],\n",
      "       [ 0.60506823, -0.25957   ,  0.75267247]]), array([[-4.39814839e-02, -9.99032086e-01, -7.21359370e-04],\n",
      "       [ 7.55950174e-01, -3.28079362e-02, -6.53806527e-01],\n",
      "       [ 6.53150032e-01, -2.93006930e-02,  7.56661420e-01]]), array([[-0.02800332, -0.99931081,  0.02436618],\n",
      "       [ 0.87632684, -0.01281545,  0.4815465 ],\n",
      "       [-0.48090236,  0.03483764,  0.87608177]]), array([[-0.04163221, -0.99912924,  0.00274174],\n",
      "       [ 0.82405905, -0.03588873, -0.56536597],\n",
      "       [ 0.56497207, -0.02127808,  0.82483562]]), array([[-0.41842886, -0.90812137,  0.01525979],\n",
      "       [ 0.8954397 , -0.40965731,  0.17426597],\n",
      "       [-0.15200336,  0.08658213,  0.98458037]]), array([[ 0.35532468, -0.9331561 , -0.05444329],\n",
      "       [ 0.93230868,  0.35799841, -0.05135828],\n",
      "       [ 0.0674159 , -0.03250908,  0.99719519]]), array([[ 0.01146391, -0.99904457, -0.04217255],\n",
      "       [ 0.90933011, -0.00712672,  0.41601438],\n",
      "       [-0.41591746, -0.04311792,  0.90837961]]), array([[ 0.34571862, -0.91928537,  0.18813037],\n",
      "       [ 0.93734614,  0.34755786, -0.02420216],\n",
      "       [-0.0431375 ,  0.18471041,  0.98184582]]), array([[-0.12385967, -0.96708466,  0.22227471],\n",
      "       [ 0.86443445,  0.00483298,  0.50272232],\n",
      "       [-0.48724929,  0.25440894,  0.83538268]])]\n",
      "\n",
      " Translation Vectors:\n",
      "[[ 4.4818888 ]\n",
